# Position coordinates are ['x', 'y', 'z']
points
3
5.770200
partial_charge
0.000000 0.000000 0.000000 622990.147060 
0.000000 0.000000 0.000000 633121.374454 
0.000000 0.000000 0.000000 2966615.052715 
0.000000 0.000000 0.000000 624066.058323 
0.205100 1.702500 -0.714900 -182707.819667 
0.079100 0.332500 -0.550400 1448803.234349 
1.141900 -0.550300 -0.727500 -4258032.245136 
3.210800 -1.238500 0.563600 343890.273465 
2.379600 -0.233900 -0.161400 3075491.836920 
-0.643500 2.498300 0.030800 -585068.910612 
2.787900 0.932100 -0.392900 -2521646.780282 
-1.753900 0.634300 0.989600 -438697.898794 
-1.008500 -0.183200 0.146700 1021717.530871 
-1.525000 2.005500 0.966300 -611346.132423 
-0.900800 -2.517000 0.668300 -2462373.342825 
-1.413400 -1.585500 -0.022900 3390037.868773 
0.000000 0.000000 0.000000 348700.943699 
-2.559400 -1.796800 -0.795200 -4775395.271555 
0.000000 0.000000 0.000000 348700.943699 
0.000000 0.000000 0.000000 348700.943699 
0.000000 0.000000 0.000000 662432.193267 

