# Position coordinates are ['x', 'y', 'z']
points
3
5.560900
partial_charge
1.903500 0.550600 1.340000 119085.079028 
0.000000 0.000000 0.000000 329163.950870 
-2.086400 0.600100 0.033900 1152301.053611 
0.000000 0.000000 0.000000 329163.950870 
1.580200 -1.068500 -0.328500 -2185012.362106 
-0.704200 -0.950600 -1.170700 -326215.946758 
0.000000 0.000000 0.000000 646900.163088 
0.000000 0.000000 0.000000 662605.402542 
2.281500 -0.024800 0.007700 1821429.378262 
-2.531500 1.925000 -0.024200 -5079642.937129 
0.000000 0.000000 0.000000 662605.402542 
0.000000 0.000000 0.000000 646900.163088 
0.000000 0.000000 0.000000 2944627.365759 
-0.357100 -0.674100 1.121300 -326215.946758 
0.000000 0.000000 0.000000 2930920.967559 
-1.544700 0.048500 1.185000 -180827.702072 
3.029400 0.714600 -0.911600 -4965384.510770 
0.161000 -1.106700 -0.094100 669260.279575 
-1.731600 -0.014100 -1.158700 -180827.702072 
0.000000 0.000000 0.000000 329163.950870 

